cam_model: Pinhole
cam_width: 1280
cam_height: 720
cam_fx: 968.05575429
cam_fy: 967.93608947
cam_cx: 638.26584924
cam_cy: 365.97577280
cam_d0: -0.374493
cam_d1: 0.130217
cam_d2: 0.000006
cam_d3: 0.000265